2024
20 24
2 0 2 4
4048 1 4048 8096
40 48 2024 40 48 80 96
4 0 4 8 20 24 4 0 4 8 8 0 9 6
8096 1 8096 16192 2 0 2 4 8096 1 8096 16192 16192 1 18216 12144
80 96 2024 80 96 32772608 4048 1 4048 8096 80 96 2024 80 96 32772608 32772608 2024 36869184 24579456
8 0 9 6 20 24 8 0 9 6 3277 2608 40 48 2024 40 48 80 96 8 0 9 6 20 24 8 0 9 6 3277 2608 3277 2608 20 24 3686 9184 2457 9456
16192 1 18216 12144 2 0 2 4 16192 1 18216 12144 32 77 26 8 4 0 4 8 20 24 4 0 4 8 8 0 9 6 16192 1 18216 12144 2 0 2 4 16192 1 18216 12144 32 77 26 8 32 77 26 8 2 0 2 4 36 86 91 84 24 57 94 56
32772608 2024 36869184 24579456 4048 1 4048 8096 32772608 2024 36869184 24579456 3 2 7 7 2 6 16192 8096 1 8096 16192 2 0 2 4 8096 1 8096 16192 16192 1 18216 12144 32772608 2024 36869184 24579456 4048 1 4048 8096 32772608 2024 36869184 24579456 3 2 7 7 2 6 16192 3 2 7 7 2 6 16192 4048 1 4048 8096 3 6 8 6 9 1 8 4 2 4 5 7 9 4 5 6
3277 2608 20 24 3686 9184 2457 9456 40 48 2024 40 48 80 96 3277 2608 20 24 3686 9184 2457 9456 6072 4048 14168 14168 4048 12144 32772608 80 96 2024 80 96 32772608 4048 1 4048 8096 80 96 2024 80 96 32772608 32772608 2024 36869184 24579456 3277 2608 20 24 3686 9184 2457 9456 40 48 2024 40 48 80 96 3277 2608 20 24 3686 9184 2457 9456 6072 4048 14168 14168 4048 12144 32772608 6072 4048 14168 14168 4048 12144 32772608 40 48 2024 40 48 80 96 6072 12144 16192 12144 18216 2024 16192 8096 4048 8096 10120 14168 18216 8096 10120 12144
32 77 26 8 2 0 2 4 36 86 91 84 24 57 94 56 4 0 4 8 20 24 4 0 4 8 8 0 9 6 32 77 26 8 2 0 2 4 36 86 91 84 24 57 94 56 60 72 40 48 28676032 28676032 40 48 24579456 3277 2608 8 0 9 6 20 24 8 0 9 6 3277 2608 40 48 2024 40 48 80 96 8 0 9 6 20 24 8 0 9 6 3277 2608 3277 2608 20 24 3686 9184 2457 9456 32 77 26 8 2 0 2 4 36 86 91 84 24 57 94 56 4 0 4 8 20 24 4 0 4 8 8 0 9 6 32 77 26 8 2 0 2 4 36 86 91 84 24 57 94 56 60 72 40 48 28676032 28676032 40 48 24579456 3277 2608 60 72 40 48 28676032 28676032 40 48 24579456 3277 2608 4 0 4 8 20 24 4 0 4 8 8 0 9 6 60 72 24579456 32772608 24579456 36869184 20 24 32772608 80 96 40 48 80 96 20482880 28676032 36869184 80 96 20482880 24579456
3 2 7 7 2 6 16192 4048 1 4048 8096 3 6 8 6 9 1 8 4 2 4 5 7 9 4 5 6 8096 1 8096 16192 2 0 2 4 8096 1 8096 16192 16192 1 18216 12144 3 2 7 7 2 6 16192 4048 1 4048 8096 3 6 8 6 9 1 8 4 2 4 5 7 9 4 5 6 6 0 7 2 4 0 4 8 2867 6032 2867 6032 4 0 4 8 2457 9456 32 77 26 8 16192 1 18216 12144 2 0 2 4 16192 1 18216 12144 32 77 26 8 4 0 4 8 20 24 4 0 4 8 8 0 9 6 16192 1 18216 12144 2 0 2 4 16192 1 18216 12144 32 77 26 8 32 77 26 8 2 0 2 4 36 86 91 84 24 57 94 56 3 2 7 7 2 6 16192 4048 1 4048 8096 3 6 8 6 9 1 8 4 2 4 5 7 9 4 5 6 8096 1 8096 16192 2 0 2 4 8096 1 8096 16192 16192 1 18216 12144 3 2 7 7 2 6 16192 4048 1 4048 8096 3 6 8 6 9 1 8 4 2 4 5 7 9 4 5 6 6 0 7 2 4 0 4 8 2867 6032 2867 6032 4 0 4 8 2457 9456 32 77 26 8 6 0 7 2 4 0 4 8 2867 6032 2867 6032 4 0 4 8 2457 9456 32 77 26 8 8096 1 8096 16192 2 0 2 4 8096 1 8096 16192 16192 1 18216 12144 6 0 7 2 2457 9456 3277 2608 2457 9456 3686 9184 2 0 2 4 3277 2608 8 0 9 6 4 0 4 8 8 0 9 6 2048 2880 2867 6032 3686 9184 8 0 9 6 2048 2880 2457 9456
6072 4048 14168 14168 4048 12144 32772608 40 48 2024 40 48 80 96 6072 12144 16192 12144 18216 2024 16192 8096 4048 8096 10120 14168 18216 8096 10120 12144 80 96 2024 80 96 32772608 4048 1 4048 8096 80 96 2024 80 96 32772608 32772608 2024 36869184 24579456 6072 4048 14168 14168 4048 12144 32772608 40 48 2024 40 48 80 96 6072 12144 16192 12144 18216 2024 16192 8096 4048 8096 10120 14168 18216 8096 10120 12144 12144 1 14168 4048 8096 1 8096 16192 28 67 60 32 28 67 60 32 8096 1 8096 16192 24 57 94 56 3 2 7 7 2 6 16192 32772608 2024 36869184 24579456 4048 1 4048 8096 32772608 2024 36869184 24579456 3 2 7 7 2 6 16192 8096 1 8096 16192 2 0 2 4 8096 1 8096 16192 16192 1 18216 12144 32772608 2024 36869184 24579456 4048 1 4048 8096 32772608 2024 36869184 24579456 3 2 7 7 2 6 16192 3 2 7 7 2 6 16192 4048 1 4048 8096 3 6 8 6 9 1 8 4 2 4 5 7 9 4 5 6 6072 4048 14168 14168 4048 12144 32772608 40 48 2024 40 48 80 96 6072 12144 16192 12144 18216 2024 16192 8096 4048 8096 10120 14168 18216 8096 10120 12144 80 96 2024 80 96 32772608 4048 1 4048 8096 80 96 2024 80 96 32772608 32772608 2024 36869184 24579456 6072 4048 14168 14168 4048 12144 32772608 40 48 2024 40 48 80 96 6072 12144 16192 12144 18216 2024 16192 8096 4048 8096 10120 14168 18216 8096 10120 12144 12144 1 14168 4048 8096 1 8096 16192 28 67 60 32 28 67 60 32 8096 1 8096 16192 24 57 94 56 3 2 7 7 2 6 16192 12144 1 14168 4048 8096 1 8096 16192 28 67 60 32 28 67 60 32 8096 1 8096 16192 24 57 94 56 3 2 7 7 2 6 16192 80 96 2024 80 96 32772608 4048 1 4048 8096 80 96 2024 80 96 32772608 32772608 2024 36869184 24579456 12144 1 14168 4048 24 57 94 56 32 77 26 8 24 57 94 56 36 86 91 84 4048 1 4048 8096 32 77 26 8 16192 1 18216 12144 8096 1 8096 16192 16192 1 18216 12144 20 48 28 80 28 67 60 32 36 86 91 84 16192 1 18216 12144 20 48 28 80 24 57 94 56
60 72 40 48 28676032 28676032 40 48 24579456 3277 2608 4 0 4 8 20 24 4 0 4 8 8 0 9 6 60 72 24579456 32772608 24579456 36869184 20 24 32772608 80 96 40 48 80 96 20482880 28676032 36869184 80 96 20482880 24579456 8 0 9 6 20 24 8 0 9 6 3277 2608 40 48 2024 40 48 80 96 8 0 9 6 20 24 8 0 9 6 3277 2608 3277 2608 20 24 3686 9184 2457 9456 60 72 40 48 28676032 28676032 40 48 24579456 3277 2608 4 0 4 8 20 24 4 0 4 8 8 0 9 6 60 72 24579456 32772608 24579456 36869184 20 24 32772608 80 96 40 48 80 96 20482880 28676032 36869184 80 96 20482880 24579456 24579456 2024 28676032 40 48 80 96 2024 80 96 32772608 2 8 6 7 6 0 3 2 2 8 6 7 6 0 3 2 80 96 2024 80 96 32772608 2 4 5 7 9 4 5 6 6072 4048 14168 14168 4048 12144 32772608 3277 2608 20 24 3686 9184 2457 9456 40 48 2024 40 48 80 96 3277 2608 20 24 3686 9184 2457 9456 6072 4048 14168 14168 4048 12144 32772608 80 96 2024 80 96 32772608 4048 1 4048 8096 80 96 2024 80 96 32772608 32772608 2024 36869184 24579456 3277 2608 20 24 3686 9184 2457 9456 40 48 2024 40 48 80 96 3277 2608 20 24 3686 9184 2457 9456 6072 4048 14168 14168 4048 12144 32772608 6072 4048 14168 14168 4048 12144 32772608 40 48 2024 40 48 80 96 6072 12144 16192 12144 18216 2024 16192 8096 4048 8096 10120 14168 18216 8096 10120 12144 60 72 40 48 28676032 28676032 40 48 24579456 3277 2608 4 0 4 8 20 24 4 0 4 8 8 0 9 6 60 72 24579456 32772608 24579456 36869184 20 24 32772608 80 96 40 48 80 96 20482880 28676032 36869184 80 96 20482880 24579456 8 0 9 6 20 24 8 0 9 6 3277 2608 40 48 2024 40 48 80 96 8 0 9 6 20 24 8 0 9 6 3277 2608 3277 2608 20 24 3686 9184 2457 9456 60 72 40 48 28676032 28676032 40 48 24579456 3277 2608 4 0 4 8 20 24 4 0 4 8 8 0 9 6 60 72 24579456 32772608 24579456 36869184 20 24 32772608 80 96 40 48 80 96 20482880 28676032 36869184 80 96 20482880 24579456 24579456 2024 28676032 40 48 80 96 2024 80 96 32772608 2 8 6 7 6 0 3 2 2 8 6 7 6 0 3 2 80 96 2024 80 96 32772608 2 4 5 7 9 4 5 6 6072 4048 14168 14168 4048 12144 32772608 24579456 2024 28676032 40 48 80 96 2024 80 96 32772608 2 8 6 7 6 0 3 2 2 8 6 7 6 0 3 2 80 96 2024 80 96 32772608 2 4 5 7 9 4 5 6 6072 4048 14168 14168 4048 12144 32772608 8 0 9 6 20 24 8 0 9 6 3277 2608 40 48 2024 40 48 80 96 8 0 9 6 20 24 8 0 9 6 3277 2608 3277 2608 20 24 3686 9184 2457 9456 24579456 2024 28676032 40 48 2 4 5 7 9 4 5 6 3 2 7 7 2 6 16192 2 4 5 7 9 4 5 6 3 6 8 6 9 1 8 4 40 48 2024 40 48 80 96 3 2 7 7 2 6 16192 32772608 2024 36869184 24579456 80 96 2024 80 96 32772608 32772608 2024 36869184 24579456 2 0 4 8 2 8 8 0 2 8 6 7 6 0 3 2 3 6 8 6 9 1 8 4 32772608 2024 36869184 24579456 2 0 4 8 2 8 8 0 2 4 5 7 9 4 5 6
6 0 7 2 4 0 4 8 2867 6032 2867 6032 4 0 4 8 2457 9456 32 77 26 8 8096 1 8096 16192 2 0 2 4 8096 1 8096 16192 16192 1 18216 12144 6 0 7 2 2457 9456 3277 2608 2457 9456 3686 9184 2 0 2 4 3277 2608 8 0 9 6 4 0 4 8 8 0 9 6 2048 2880 2867 6032 3686 9184 8 0 9 6 2048 2880 2457 9456 16192 1 18216 12144 2 0 2 4 16192 1 18216 12144 32 77 26 8 4 0 4 8 20 24 4 0 4 8 8 0 9 6 16192 1 18216 12144 2 0 2 4 16192 1 18216 12144 32 77 26 8 32 77 26 8 2 0 2 4 36 86 91 84 24 57 94 56 6 0 7 2 4 0 4 8 2867 6032 2867 6032 4 0 4 8 2457 9456 32 77 26 8 8096 1 8096 16192 2 0 2 4 8096 1 8096 16192 16192 1 18216 12144 6 0 7 2 2457 9456 3277 2608 2457 9456 3686 9184 2 0 2 4 3277 2608 8 0 9 6 4 0 4 8 8 0 9 6 2048 2880 2867 6032 3686 9184 8 0 9 6 2048 2880 2457 9456 2457 9456 20 24 2867 6032 4 0 4 8 8 0 9 6 20 24 8 0 9 6 3277 2608 4048 16192 12144 14168 12144 1 6072 4048 4048 16192 12144 14168 12144 1 6072 4048 8 0 9 6 20 24 8 0 9 6 3277 2608 4048 8096 10120 14168 18216 8096 10120 12144 60 72 40 48 28676032 28676032 40 48 24579456 3277 2608 32 77 26 8 2 0 2 4 36 86 91 84 24 57 94 56 4 0 4 8 20 24 4 0 4 8 8 0 9 6 32 77 26 8 2 0 2 4 36 86 91 84 24 57 94 56 60 72 40 48 28676032 28676032 40 48 24579456 3277 2608 8 0 9 6 20 24 8 0 9 6 3277 2608 40 48 2024 40 48 80 96 8 0 9 6 20 24 8 0 9 6 3277 2608 3277 2608 20 24 3686 9184 2457 9456 32 77 26 8 2 0 2 4 36 86 91 84 24 57 94 56 4 0 4 8 20 24 4 0 4 8 8 0 9 6 32 77 26 8 2 0 2 4 36 86 91 84 24 57 94 56 60 72 40 48 28676032 28676032 40 48 24579456 3277 2608 60 72 40 48 28676032 28676032 40 48 24579456 3277 2608 4 0 4 8 20 24 4 0 4 8 8 0 9 6 60 72 24579456 32772608 24579456 36869184 20 24 32772608 80 96 40 48 80 96 20482880 28676032 36869184 80 96 20482880 24579456 6 0 7 2 4 0 4 8 2867 6032 2867 6032 4 0 4 8 2457 9456 32 77 26 8 8096 1 8096 16192 2 0 2 4 8096 1 8096 16192 16192 1 18216 12144 6 0 7 2 2457 9456 3277 2608 2457 9456 3686 9184 2 0 2 4 3277 2608 8 0 9 6 4 0 4 8 8 0 9 6 2048 2880 2867 6032 3686 9184 8 0 9 6 2048 2880 2457 9456 16192 1 18216 12144 2 0 2 4 16192 1 18216 12144 32 77 26 8 4 0 4 8 20 24 4 0 4 8 8 0 9 6 16192 1 18216 12144 2 0 2 4 16192 1 18216 12144 32 77 26 8 32 77 26 8 2 0 2 4 36 86 91 84 24 57 94 56 6 0 7 2 4 0 4 8 2867 6032 2867 6032 4 0 4 8 2457 9456 32 77 26 8 8096 1 8096 16192 2 0 2 4 8096 1 8096 16192 16192 1 18216 12144 6 0 7 2 2457 9456 3277 2608 2457 9456 3686 9184 2 0 2 4 3277 2608 8 0 9 6 4 0 4 8 8 0 9 6 2048 2880 2867 6032 3686 9184 8 0 9 6 2048 2880 2457 9456 2457 9456 20 24 2867 6032 4 0 4 8 8 0 9 6 20 24 8 0 9 6 3277 2608 4048 16192 12144 14168 12144 1 6072 4048 4048 16192 12144 14168 12144 1 6072 4048 8 0 9 6 20 24 8 0 9 6 3277 2608 4048 8096 10120 14168 18216 8096 10120 12144 60 72 40 48 28676032 28676032 40 48 24579456 3277 2608 2457 9456 20 24 2867 6032 4 0 4 8 8 0 9 6 20 24 8 0 9 6 3277 2608 4048 16192 12144 14168 12144 1 6072 4048 4048 16192 12144 14168 12144 1 6072 4048 8 0 9 6 20 24 8 0 9 6 3277 2608 4048 8096 10120 14168 18216 8096 10120 12144 60 72 40 48 28676032 28676032 40 48 24579456 3277 2608 16192 1 18216 12144 2 0 2 4 16192 1 18216 12144 32 77 26 8 4 0 4 8 20 24 4 0 4 8 8 0 9 6 16192 1 18216 12144 2 0 2 4 16192 1 18216 12144 32 77 26 8 32 77 26 8 2 0 2 4 36 86 91 84 24 57 94 56 2457 9456 20 24 2867 6032 4 0 4 8 4048 8096 10120 14168 18216 8096 10120 12144 6072 4048 14168 14168 4048 12144 32772608 4048 8096 10120 14168 18216 8096 10120 12144 6072 12144 16192 12144 18216 2024 16192 8096 4 0 4 8 20 24 4 0 4 8 8 0 9 6 6072 4048 14168 14168 4048 12144 32772608 3277 2608 20 24 3686 9184 2457 9456 8 0 9 6 20 24 8 0 9 6 3277 2608 3277 2608 20 24 3686 9184 2457 9456 4048 1 8096 16192 4048 16192 16192 1 4048 16192 12144 14168 12144 1 6072 4048 6072 12144 16192 12144 18216 2024 16192 8096 3277 2608 20 24 3686 9184 2457 9456 4048 1 8096 16192 4048 16192 16192 1 4048 8096 10120 14168 18216 8096 10120 12144
12144 1 14168 4048 8096 1 8096 16192 28 67 60 32 28 67 60 32 8096 1 8096 16192 24 57 94 56 3 2 7 7 2 6 16192 80 96 2024 80 96 32772608 4048 1 4048 8096 80 96 2024 80 96 32772608 32772608 2024 36869184 24579456 12144 1 14168 4048 24 57 94 56 32 77 26 8 24 57 94 56 36 86 91 84 4048 1 4048 8096 32 77 26 8 16192 1 18216 12144 8096 1 8096 16192 16192 1 18216 12144 20 48 28 80 28 67 60 32 36 86 91 84 16192 1 18216 12144 20 48 28 80 24 57 94 56 32772608 2024 36869184 24579456 4048 1 4048 8096 32772608 2024 36869184 24579456 3 2 7 7 2 6 16192 8096 1 8096 16192 2 0 2 4 8096 1 8096 16192 16192 1 18216 12144 32772608 2024 36869184 24579456 4048 1 4048 8096 32772608 2024 36869184 24579456 3 2 7 7 2 6 16192 3 2 7 7 2 6 16192 4048 1 4048 8096 3 6 8 6 9 1 8 4 2 4 5 7 9 4 5 6 12144 1 14168 4048 8096 1 8096 16192 28 67 60 32 28 67 60 32 8096 1 8096 16192 24 57 94 56 3 2 7 7 2 6 16192 80 96 2024 80 96 32772608 4048 1 4048 8096 80 96 2024 80 96 32772608 32772608 2024 36869184 24579456 12144 1 14168 4048 24 57 94 56 32 77 26 8 24 57 94 56 36 86 91 84 4048 1 4048 8096 32 77 26 8 16192 1 18216 12144 8096 1 8096 16192 16192 1 18216 12144 20 48 28 80 28 67 60 32 36 86 91 84 16192 1 18216 12144 20 48 28 80 24 57 94 56 24 57 94 56 2 0 2 4 28 67 60 32 8096 1 8096 16192 16192 1 18216 12144 2 0 2 4 16192 1 18216 12144 32 77 26 8 40 48 32772608 24579456 28676032 24579456 2024 60 72 40 48 40 48 32772608 24579456 28676032 24579456 2024 60 72 40 48 16192 1 18216 12144 2 0 2 4 16192 1 18216 12144 32 77 26 8 40 48 80 96 20482880 28676032 36869184 80 96 20482880 24579456 6 0 7 2 4 0 4 8 2867 6032 2867 6032 4 0 4 8 2457 9456 32 77 26 8 3 2 7 7 2 6 16192 4048 1 4048 8096 3 6 8 6 9 1 8 4 2 4 5 7 9 4 5 6 8096 1 8096 16192 2 0 2 4 8096 1 8096 16192 16192 1 18216 12144 3 2 7 7 2 6 16192 4048 1 4048 8096 3 6 8 6 9 1 8 4 2 4 5 7 9 4 5 6 6 0 7 2 4 0 4 8 2867 6032 2867 6032 4 0 4 8 2457 9456 32 77 26 8 16192 1 18216 12144 2 0 2 4 16192 1 18216 12144 32 77 26 8 4 0 4 8 20 24 4 0 4 8 8 0 9 6 16192 1 18216 12144 2 0 2 4 16192 1 18216 12144 32 77 26 8 32 77 26 8 2 0 2 4 36 86 91 84 24 57 94 56 3 2 7 7 2 6 16192 4048 1 4048 8096 3 6 8 6 9 1 8 4 2 4 5 7 9 4 5 6 8096 1 8096 16192 2 0 2 4 8096 1 8096 16192 16192 1 18216 12144 3 2 7 7 2 6 16192 4048 1 4048 8096 3 6 8 6 9 1 8 4 2 4 5 7 9 4 5 6 6 0 7 2 4 0 4 8 2867 6032 2867 6032 4 0 4 8 2457 9456 32 77 26 8 6 0 7 2 4 0 4 8 2867 6032 2867 6032 4 0 4 8 2457 9456 32 77 26 8 8096 1 8096 16192 2 0 2 4 8096 1 8096 16192 16192 1 18216 12144 6 0 7 2 2457 9456 3277 2608 2457 9456 3686 9184 2 0 2 4 3277 2608 8 0 9 6 4 0 4 8 8 0 9 6 2048 2880 2867 6032 3686 9184 8 0 9 6 2048 2880 2457 9456 12144 1 14168 4048 8096 1 8096 16192 28 67 60 32 28 67 60 32 8096 1 8096 16192 24 57 94 56 3 2 7 7 2 6 16192 80 96 2024 80 96 32772608 4048 1 4048 8096 80 96 2024 80 96 32772608 32772608 2024 36869184 24579456 12144 1 14168 4048 24 57 94 56 32 77 26 8 24 57 94 56 36 86 91 84 4048 1 4048 8096 32 77 26 8 16192 1 18216 12144 8096 1 8096 16192 16192 1 18216 12144 20 48 28 80 28 67 60 32 36 86 91 84 16192 1 18216 12144 20 48 28 80 24 57 94 56 32772608 2024 36869184 24579456 4048 1 4048 8096 32772608 2024 36869184 24579456 3 2 7 7 2 6 16192 8096 1 8096 16192 2 0 2 4 8096 1 8096 16192 16192 1 18216 12144 32772608 2024 36869184 24579456 4048 1 4048 8096 32772608 2024 36869184 24579456 3 2 7 7 2 6 16192 3 2 7 7 2 6 16192 4048 1 4048 8096 3 6 8 6 9 1 8 4 2 4 5 7 9 4 5 6 12144 1 14168 4048 8096 1 8096 16192 28 67 60 32 28 67 60 32 8096 1 8096 16192 24 57 94 56 3 2 7 7 2 6 16192 80 96 2024 80 96 32772608 4048 1 4048 8096 80 96 2024 80 96 32772608 32772608 2024 36869184 24579456 12144 1 14168 4048 24 57 94 56 32 77 26 8 24 57 94 56 36 86 91 84 4048 1 4048 8096 32 77 26 8 16192 1 18216 12144 8096 1 8096 16192 16192 1 18216 12144 20 48 28 80 28 67 60 32 36 86 91 84 16192 1 18216 12144 20 48 28 80 24 57 94 56 24 57 94 56 2 0 2 4 28 67 60 32 8096 1 8096 16192 16192 1 18216 12144 2 0 2 4 16192 1 18216 12144 32 77 26 8 40 48 32772608 24579456 28676032 24579456 2024 60 72 40 48 40 48 32772608 24579456 28676032 24579456 2024 60 72 40 48 16192 1 18216 12144 2 0 2 4 16192 1 18216 12144 32 77 26 8 40 48 80 96 20482880 28676032 36869184 80 96 20482880 24579456 6 0 7 2 4 0 4 8 2867 6032 2867 6032 4 0 4 8 2457 9456 32 77 26 8 24 57 94 56 2 0 2 4 28 67 60 32 8096 1 8096 16192 16192 1 18216 12144 2 0 2 4 16192 1 18216 12144 32 77 26 8 40 48 32772608 24579456 28676032 24579456 2024 60 72 40 48 40 48 32772608 24579456 28676032 24579456 2024 60 72 40 48 16192 1 18216 12144 2 0 2 4 16192 1 18216 12144 32 77 26 8 40 48 80 96 20482880 28676032 36869184 80 96 20482880 24579456 6 0 7 2 4 0 4 8 2867 6032 2867 6032 4 0 4 8 2457 9456 32 77 26 8 32772608 2024 36869184 24579456 4048 1 4048 8096 32772608 2024 36869184 24579456 3 2 7 7 2 6 16192 8096 1 8096 16192 2 0 2 4 8096 1 8096 16192 16192 1 18216 12144 32772608 2024 36869184 24579456 4048 1 4048 8096 32772608 2024 36869184 24579456 3 2 7 7 2 6 16192 3 2 7 7 2 6 16192 4048 1 4048 8096 3 6 8 6 9 1 8 4 2 4 5 7 9 4 5 6 24 57 94 56 2 0 2 4 28 67 60 32 8096 1 8096 16192 40 48 80 96 20482880 28676032 36869184 80 96 20482880 24579456 60 72 40 48 28676032 28676032 40 48 24579456 3277 2608 40 48 80 96 20482880 28676032 36869184 80 96 20482880 24579456 60 72 24579456 32772608 24579456 36869184 20 24 32772608 80 96 8096 1 8096 16192 2 0 2 4 8096 1 8096 16192 16192 1 18216 12144 60 72 40 48 28676032 28676032 40 48 24579456 3277 2608 32 77 26 8 2 0 2 4 36 86 91 84 24 57 94 56 16192 1 18216 12144 2 0 2 4 16192 1 18216 12144 32 77 26 8 32 77 26 8 2 0 2 4 36 86 91 84 24 57 94 56 40 48 2024 80 96 32772608 40 48 32772608 32772608 2024 40 48 32772608 24579456 28676032 24579456 2024 60 72 40 48 60 72 24579456 32772608 24579456 36869184 20 24 32772608 80 96 32 77 26 8 2 0 2 4 36 86 91 84 24 57 94 56 40 48 2024 80 96 32772608 40 48 32772608 32772608 2024 40 48 80 96 20482880 28676032 36869184 80 96 20482880 24579456
24579456 2024 28676032 40 48 80 96 2024 80 96 32772608 2 8 6 7 6 0 3 2 2 8 6 7 6 0 3 2 80 96 2024 80 96 32772608 2 4 5 7 9 4 5 6 6072 4048 14168 14168 4048 12144 32772608 8 0 9 6 20 24 8 0 9 6 3277 2608 40 48 2024 40 48 80 96 8 0 9 6 20 24 8 0 9 6 3277 2608 3277 2608 20 24 3686 9184 2457 9456 24579456 2024 28676032 40 48 2 4 5 7 9 4 5 6 3 2 7 7 2 6 16192 2 4 5 7 9 4 5 6 3 6 8 6 9 1 8 4 40 48 2024 40 48 80 96 3 2 7 7 2 6 16192 32772608 2024 36869184 24579456 80 96 2024 80 96 32772608 32772608 2024 36869184 24579456 2 0 4 8 2 8 8 0 2 8 6 7 6 0 3 2 3 6 8 6 9 1 8 4 32772608 2024 36869184 24579456 2 0 4 8 2 8 8 0 2 4 5 7 9 4 5 6 3277 2608 20 24 3686 9184 2457 9456 40 48 2024 40 48 80 96 3277 2608 20 24 3686 9184 2457 9456 6072 4048 14168 14168 4048 12144 32772608 80 96 2024 80 96 32772608 4048 1 4048 8096 80 96 2024 80 96 32772608 32772608 2024 36869184 24579456 3277 2608 20 24 3686 9184 2457 9456 40 48 2024 40 48 80 96 3277 2608 20 24 3686 9184 2457 9456 6072 4048 14168 14168 4048 12144 32772608 6072 4048 14168 14168 4048 12144 32772608 40 48 2024 40 48 80 96 6072 12144 16192 12144 18216 2024 16192 8096 4048 8096 10120 14168 18216 8096 10120 12144 24579456 2024 28676032 40 48 80 96 2024 80 96 32772608 2 8 6 7 6 0 3 2 2 8 6 7 6 0 3 2 80 96 2024 80 96 32772608 2 4 5 7 9 4 5 6 6072 4048 14168 14168 4048 12144 32772608 8 0 9 6 20 24 8 0 9 6 3277 2608 40 48 2024 40 48 80 96 8 0 9 6 20 24 8 0 9 6 3277 2608 3277 2608 20 24 3686 9184 2457 9456 24579456 2024 28676032 40 48 2 4 5 7 9 4 5 6 3 2 7 7 2 6 16192 2 4 5 7 9 4 5 6 3 6 8 6 9 1 8 4 40 48 2024 40 48 80 96 3 2 7 7 2 6 16192 32772608 2024 36869184 24579456 80 96 2024 80 96 32772608 32772608 2024 36869184 24579456 2 0 4 8 2 8 8 0 2 8 6 7 6 0 3 2 3 6 8 6 9 1 8 4 32772608 2024 36869184 24579456 2 0 4 8 2 8 8 0 2 4 5 7 9 4 5 6 2 4 5 7 9 4 5 6 4048 1 4048 8096 2 8 6 7 6 0 3 2 80 96 2024 80 96 32772608 32772608 2024 36869184 24579456 4048 1 4048 8096 32772608 2024 36869184 24579456 3 2 7 7 2 6 16192 4 0 4 8 3277 2608 2457 9456 2867 6032 2457 9456 20 24 6 0 7 2 4 0 4 8 4 0 4 8 3277 2608 2457 9456 2867 6032 2457 9456 20 24 6 0 7 2 4 0 4 8 32772608 2024 36869184 24579456 4048 1 4048 8096 32772608 2024 36869184 24579456 3 2 7 7 2 6 16192 4 0 4 8 8 0 9 6 2048 2880 2867 6032 3686 9184 8 0 9 6 2048 2880 2457 9456 12144 1 14168 4048 8096 1 8096 16192 28 67 60 32 28 67 60 32 8096 1 8096 16192 24 57 94 56 3 2 7 7 2 6 16192 6072 4048 14168 14168 4048 12144 32772608 40 48 2024 40 48 80 96 6072 12144 16192 12144 18216 2024 16192 8096 4048 8096 10120 14168 18216 8096 10120 12144 80 96 2024 80 96 32772608 4048 1 4048 8096 80 96 2024 80 96 32772608 32772608 2024 36869184 24579456 6072 4048 14168 14168 4048 12144 32772608 40 48 2024 40 48 80 96 6072 12144 16192 12144 18216 2024 16192 8096 4048 8096 10120 14168 18216 8096 10120 12144 12144 1 14168 4048 8096 1 8096 16192 28 67 60 32 28 67 60 32 8096 1 8096 16192 24 57 94 56 3 2 7 7 2 6 16192 32772608 2024 36869184 24579456 4048 1 4048 8096 32772608 2024 36869184 24579456 3 2 7 7 2 6 16192 8096 1 8096 16192 2 0 2 4 8096 1 8096 16192 16192 1 18216 12144 32772608 2024 36869184 24579456 4048 1 4048 8096 32772608 2024 36869184 24579456 3 2 7 7 2 6 16192 3 2 7 7 2 6 16192 4048 1 4048 8096 3 6 8 6 9 1 8 4 2 4 5 7 9 4 5 6 6072 4048 14168 14168 4048 12144 32772608 40 48 2024 40 48 80 96 6072 12144 16192 12144 18216 2024 16192 8096 4048 8096 10120 14168 18216 8096 10120 12144 80 96 2024 80 96 32772608 4048 1 4048 8096 80 96 2024 80 96 32772608 32772608 2024 36869184 24579456 6072 4048 14168 14168 4048 12144 32772608 40 48 2024 40 48 80 96 6072 12144 16192 12144 18216 2024 16192 8096 4048 8096 10120 14168 18216 8096 10120 12144 12144 1 14168 4048 8096 1 8096 16192 28 67 60 32 28 67 60 32 8096 1 8096 16192 24 57 94 56 3 2 7 7 2 6 16192 12144 1 14168 4048 8096 1 8096 16192 28 67 60 32 28 67 60 32 8096 1 8096 16192 24 57 94 56 3 2 7 7 2 6 16192 80 96 2024 80 96 32772608 4048 1 4048 8096 80 96 2024 80 96 32772608 32772608 2024 36869184 24579456 12144 1 14168 4048 24 57 94 56 32 77 26 8 24 57 94 56 36 86 91 84 4048 1 4048 8096 32 77 26 8 16192 1 18216 12144 8096 1 8096 16192 16192 1 18216 12144 20 48 28 80 28 67 60 32 36 86 91 84 16192 1 18216 12144 20 48 28 80 24 57 94 56 24579456 2024 28676032 40 48 80 96 2024 80 96 32772608 2 8 6 7 6 0 3 2 2 8 6 7 6 0 3 2 80 96 2024 80 96 32772608 2 4 5 7 9 4 5 6 6072 4048 14168 14168 4048 12144 32772608 8 0 9 6 20 24 8 0 9 6 3277 2608 40 48 2024 40 48 80 96 8 0 9 6 20 24 8 0 9 6 3277 2608 3277 2608 20 24 3686 9184 2457 9456 24579456 2024 28676032 40 48 2 4 5 7 9 4 5 6 3 2 7 7 2 6 16192 2 4 5 7 9 4 5 6 3 6 8 6 9 1 8 4 40 48 2024 40 48 80 96 3 2 7 7 2 6 16192 32772608 2024 36869184 24579456 80 96 2024 80 96 32772608 32772608 2024 36869184 24579456 2 0 4 8 2 8 8 0 2 8 6 7 6 0 3 2 3 6 8 6 9 1 8 4 32772608 2024 36869184 24579456 2 0 4 8 2 8 8 0 2 4 5 7 9 4 5 6 3277 2608 20 24 3686 9184 2457 9456 40 48 2024 40 48 80 96 3277 2608 20 24 3686 9184 2457 9456 6072 4048 14168 14168 4048 12144 32772608 80 96 2024 80 96 32772608 4048 1 4048 8096 80 96 2024 80 96 32772608 32772608 2024 36869184 24579456 3277 2608 20 24 3686 9184 2457 9456 40 48 2024 40 48 80 96 3277 2608 20 24 3686 9184 2457 9456 6072 4048 14168 14168 4048 12144 32772608 6072 4048 14168 14168 4048 12144 32772608 40 48 2024 40 48 80 96 6072 12144 16192 12144 18216 2024 16192 8096 4048 8096 10120 14168 18216 8096 10120 12144 24579456 2024 28676032 40 48 80 96 2024 80 96 32772608 2 8 6 7 6 0 3 2 2 8 6 7 6 0 3 2 80 96 2024 80 96 32772608 2 4 5 7 9 4 5 6 6072 4048 14168 14168 4048 12144 32772608 8 0 9 6 20 24 8 0 9 6 3277 2608 40 48 2024 40 48 80 96 8 0 9 6 20 24 8 0 9 6 3277 2608 3277 2608 20 24 3686 9184 2457 9456 24579456 2024 28676032 40 48 2 4 5 7 9 4 5 6 3 2 7 7 2 6 16192 2 4 5 7 9 4 5 6 3 6 8 6 9 1 8 4 40 48 2024 40 48 80 96 3 2 7 7 2 6 16192 32772608 2024 36869184 24579456 80 96 2024 80 96 32772608 32772608 2024 36869184 24579456 2 0 4 8 2 8 8 0 2 8 6 7 6 0 3 2 3 6 8 6 9 1 8 4 32772608 2024 36869184 24579456 2 0 4 8 2 8 8 0 2 4 5 7 9 4 5 6 2 4 5 7 9 4 5 6 4048 1 4048 8096 2 8 6 7 6 0 3 2 80 96 2024 80 96 32772608 32772608 2024 36869184 24579456 4048 1 4048 8096 32772608 2024 36869184 24579456 3 2 7 7 2 6 16192 4 0 4 8 3277 2608 2457 9456 2867 6032 2457 9456 20 24 6 0 7 2 4 0 4 8 4 0 4 8 3277 2608 2457 9456 2867 6032 2457 9456 20 24 6 0 7 2 4 0 4 8 32772608 2024 36869184 24579456 4048 1 4048 8096 32772608 2024 36869184 24579456 3 2 7 7 2 6 16192 4 0 4 8 8 0 9 6 2048 2880 2867 6032 3686 9184 8 0 9 6 2048 2880 2457 9456 12144 1 14168 4048 8096 1 8096 16192 28 67 60 32 28 67 60 32 8096 1 8096 16192 24 57 94 56 3 2 7 7 2 6 16192 2 4 5 7 9 4 5 6 4048 1 4048 8096 2 8 6 7 6 0 3 2 80 96 2024 80 96 32772608 32772608 2024 36869184 24579456 4048 1 4048 8096 32772608 2024 36869184 24579456 3 2 7 7 2 6 16192 4 0 4 8 3277 2608 2457 9456 2867 6032 2457 9456 20 24 6 0 7 2 4 0 4 8 4 0 4 8 3277 2608 2457 9456 2867 6032 2457 9456 20 24 6 0 7 2 4 0 4 8 32772608 2024 36869184 24579456 4048 1 4048 8096 32772608 2024 36869184 24579456 3 2 7 7 2 6 16192 4 0 4 8 8 0 9 6 2048 2880 2867 6032 3686 9184 8 0 9 6 2048 2880 2457 9456 12144 1 14168 4048 8096 1 8096 16192 28 67 60 32 28 67 60 32 8096 1 8096 16192 24 57 94 56 3 2 7 7 2 6 16192 3277 2608 20 24 3686 9184 2457 9456 40 48 2024 40 48 80 96 3277 2608 20 24 3686 9184 2457 9456 6072 4048 14168 14168 4048 12144 32772608 80 96 2024 80 96 32772608 4048 1 4048 8096 80 96 2024 80 96 32772608 32772608 2024 36869184 24579456 3277 2608 20 24 3686 9184 2457 9456 40 48 2024 40 48 80 96 3277 2608 20 24 3686 9184 2457 9456 6072 4048 14168 14168 4048 12144 32772608 6072 4048 14168 14168 4048 12144 32772608 40 48 2024 40 48 80 96 6072 12144 16192 12144 18216 2024 16192 8096 4048 8096 10120 14168 18216 8096 10120 12144 2 4 5 7 9 4 5 6 4048 1 4048 8096 2 8 6 7 6 0 3 2 80 96 2024 80 96 32772608 4 0 4 8 8 0 9 6 2048 2880 2867 6032 3686 9184 8 0 9 6 2048 2880 2457 9456 6 0 7 2 4 0 4 8 2867 6032 2867 6032 4 0 4 8 2457 9456 32 77 26 8 4 0 4 8 8 0 9 6 2048 2880 2867 6032 3686 9184 8 0 9 6 2048 2880 2457 9456 6 0 7 2 2457 9456 3277 2608 2457 9456 3686 9184 2 0 2 4 3277 2608 8 0 9 6 80 96 2024 80 96 32772608 4048 1 4048 8096 80 96 2024 80 96 32772608 32772608 2024 36869184 24579456 6 0 7 2 4 0 4 8 2867 6032 2867 6032 4 0 4 8 2457 9456 32 77 26 8 3 2 7 7 2 6 16192 4048 1 4048 8096 3 6 8 6 9 1 8 4 2 4 5 7 9 4 5 6 32772608 2024 36869184 24579456 4048 1 4048 8096 32772608 2024 36869184 24579456 3 2 7 7 2 6 16192 3 2 7 7 2 6 16192 4048 1 4048 8096 3 6 8 6 9 1 8 4 2 4 5 7 9 4 5 6 4 0 4 8 20 24 8 0 9 6 3277 2608 4 0 4 8 3277 2608 3277 2608 20 24 4 0 4 8 3277 2608 2457 9456 2867 6032 2457 9456 20 24 6 0 7 2 4 0 4 8 6 0 7 2 2457 9456 3277 2608 2457 9456 3686 9184 2 0 2 4 3277 2608 8 0 9 6 3 2 7 7 2 6 16192 4048 1 4048 8096 3 6 8 6 9 1 8 4 2 4 5 7 9 4 5 6 4 0 4 8 20 24 8 0 9 6 3277 2608 4 0 4 8 3277 2608 3277 2608 20 24 4 0 4 8 8 0 9 6 2048 2880 2867 6032 3686 9184 8 0 9 6 2048 2880 2457 9456
2457 9456 20 24 2867 6032 4 0 4 8 8 0 9 6 20 24 8 0 9 6 3277 2608 4048 16192 12144 14168 12144 1 6072 4048 4048 16192 12144 14168 12144 1 6072 4048 8 0 9 6 20 24 8 0 9 6 3277 2608 4048 8096 10120 14168 18216 8096 10120 12144 60 72 40 48 28676032 28676032 40 48 24579456 3277 2608 16192 1 18216 12144 2 0 2 4 16192 1 18216 12144 32 77 26 8 4 0 4 8 20 24 4 0 4 8 8 0 9 6 16192 1 18216 12144 2 0 2 4 16192 1 18216 12144 32 77 26 8 32 77 26 8 2 0 2 4 36 86 91 84 24 57 94 56 2457 9456 20 24 2867 6032 4 0 4 8 4048 8096 10120 14168 18216 8096 10120 12144 6072 4048 14168 14168 4048 12144 32772608 4048 8096 10120 14168 18216 8096 10120 12144 6072 12144 16192 12144 18216 2024 16192 8096 4 0 4 8 20 24 4 0 4 8 8 0 9 6 6072 4048 14168 14168 4048 12144 32772608 3277 2608 20 24 3686 9184 2457 9456 8 0 9 6 20 24 8 0 9 6 3277 2608 3277 2608 20 24 3686 9184 2457 9456 4048 1 8096 16192 4048 16192 16192 1 4048 16192 12144 14168 12144 1 6072 4048 6072 12144 16192 12144 18216 2024 16192 8096 3277 2608 20 24 3686 9184 2457 9456 4048 1 8096 16192 4048 16192 16192 1 4048 8096 10120 14168 18216 8096 10120 12144 32 77 26 8 2 0 2 4 36 86 91 84 24 57 94 56 4 0 4 8 20 24 4 0 4 8 8 0 9 6 32 77 26 8 2 0 2 4 36 86 91 84 24 57 94 56 60 72 40 48 28676032 28676032 40 48 24579456 3277 2608 8 0 9 6 20 24 8 0 9 6 3277 2608 40 48 2024 40 48 80 96 8 0 9 6 20 24 8 0 9 6 3277 2608 3277 2608 20 24 3686 9184 2457 9456 32 77 26 8 2 0 2 4 36 86 91 84 24 57 94 56 4 0 4 8 20 24 4 0 4 8 8 0 9 6 32 77 26 8 2 0 2 4 36 86 91 84 24 57 94 56 60 72 40 48 28676032 28676032 40 48 24579456 3277 2608 60 72 40 48 28676032 28676032 40 48 24579456 3277 2608 4 0 4 8 20 24 4 0 4 8 8 0 9 6 60 72 24579456 32772608 24579456 36869184 20 24 32772608 80 96 40 48 80 96 20482880 28676032 36869184 80 96 20482880 24579456 2457 9456 20 24 2867 6032 4 0 4 8 8 0 9 6 20 24 8 0 9 6 3277 2608 4048 16192 12144 14168 12144 1 6072 4048 4048 16192 12144 14168 12144 1 6072 4048 8 0 9 6 20 24 8 0 9 6 3277 2608 4048 8096 10120 14168 18216 8096 10120 12144 60 72 40 48 28676032 28676032 40 48 24579456 3277 2608 16192 1 18216 12144 2 0 2 4 16192 1 18216 12144 32 77 26 8 4 0 4 8 20 24 4 0 4 8 8 0 9 6 16192 1 18216 12144 2 0 2 4 16192 1 18216 12144 32 77 26 8 32 77 26 8 2 0 2 4 36 86 91 84 24 57 94 56 2457 9456 20 24 2867 6032 4 0 4 8 4048 8096 10120 14168 18216 8096 10120 12144 6072 4048 14168 14168 4048 12144 32772608 4048 8096 10120 14168 18216 8096 10120 12144 6072 12144 16192 12144 18216 2024 16192 8096 4 0 4 8 20 24 4 0 4 8 8 0 9 6 6072 4048 14168 14168 4048 12144 32772608 3277 2608 20 24 3686 9184 2457 9456 8 0 9 6 20 24 8 0 9 6 3277 2608 3277 2608 20 24 3686 9184 2457 9456 4048 1 8096 16192 4048 16192 16192 1 4048 16192 12144 14168 12144 1 6072 4048 6072 12144 16192 12144 18216 2024 16192 8096 3277 2608 20 24 3686 9184 2457 9456 4048 1 8096 16192 4048 16192 16192 1 4048 8096 10120 14168 18216 8096 10120 12144 4048 8096 10120 14168 18216 8096 10120 12144 40 48 2024 40 48 80 96 4048 16192 12144 14168 12144 1 6072 4048 8 0 9 6 20 24 8 0 9 6 3277 2608 3277 2608 20 24 3686 9184 2457 9456 40 48 2024 40 48 80 96 3277 2608 20 24 3686 9184 2457 9456 6072 4048 14168 14168 4048 12144 32772608 8096 1 8096 16192 32 77 26 8 24 57 94 56 28 67 60 32 24 57 94 56 2 0 2 4 12144 1 14168 4048 8096 1 8096 16192 8096 1 8096 16192 32 77 26 8 24 57 94 56 28 67 60 32 24 57 94 56 2 0 2 4 12144 1 14168 4048 8096 1 8096 16192 3277 2608 20 24 3686 9184 2457 9456 40 48 2024 40 48 80 96 3277 2608 20 24 3686 9184 2457 9456 6072 4048 14168 14168 4048 12144 32772608 8096 1 8096 16192 16192 1 18216 12144 20 48 28 80 28 67 60 32 36 86 91 84 16192 1 18216 12144 20 48 28 80 24 57 94 56 24579456 2024 28676032 40 48 80 96 2024 80 96 32772608 2 8 6 7 6 0 3 2 2 8 6 7 6 0 3 2 80 96 2024 80 96 32772608 2 4 5 7 9 4 5 6 6072 4048 14168 14168 4048 12144 32772608 60 72 40 48 28676032 28676032 40 48 24579456 3277 2608 4 0 4 8 20 24 4 0 4 8 8 0 9 6 60 72 24579456 32772608 24579456 36869184 20 24 32772608 80 96 40 48 80 96 20482880 28676032 36869184 80 96 20482880 24579456 8 0 9 6 20 24 8 0 9 6 3277 2608 40 48 2024 40 48 80 96 8 0 9 6 20 24 8 0 9 6 3277 2608 3277 2608 20 24 3686 9184 2457 9456 60 72 40 48 28676032 28676032 40 48 24579456 3277 2608 4 0 4 8 20 24 4 0 4 8 8 0 9 6 60 72 24579456 32772608 24579456 36869184 20 24 32772608 80 96 40 48 80 96 20482880 28676032 36869184 80 96 20482880 24579456 24579456 2024 28676032 40 48 80 96 2024 80 96 32772608 2 8 6 7 6 0 3 2 2 8 6 7 6 0 3 2 80 96 2024 80 96 32772608 2 4 5 7 9 4 5 6 6072 4048 14168 14168 4048 12144 32772608 3277 2608 20 24 3686 9184 2457 9456 40 48 2024 40 48 80 96 3277 2608 20 24 3686 9184 2457 9456 6072 4048 14168 14168 4048 12144 32772608 80 96 2024 80 96 32772608 4048 1 4048 8096 80 96 2024 80 96 32772608 32772608 2024 36869184 24579456 3277 2608 20 24 3686 9184 2457 9456 40 48 2024 40 48 80 96 3277 2608 20 24 3686 9184 2457 9456 6072 4048 14168 14168 4048 12144 32772608 6072 4048 14168 14168 4048 12144 32772608 40 48 2024 40 48 80 96 6072 12144 16192 12144 18216 2024 16192 8096 4048 8096 10120 14168 18216 8096 10120 12144 60 72 40 48 28676032 28676032 40 48 24579456 3277 2608 4 0 4 8 20 24 4 0 4 8 8 0 9 6 60 72 24579456 32772608 24579456 36869184 20 24 32772608 80 96 40 48 80 96 20482880 28676032 36869184 80 96 20482880 24579456 8 0 9 6 20 24 8 0 9 6 3277 2608 40 48 2024 40 48 80 96 8 0 9 6 20 24 8 0 9 6 3277 2608 3277 2608 20 24 3686 9184 2457 9456 60 72 40 48 28676032 28676032 40 48 24579456 3277 2608 4 0 4 8 20 24 4 0 4 8 8 0 9 6 60 72 24579456 32772608 24579456 36869184 20 24 32772608 80 96 40 48 80 96 20482880 28676032 36869184 80 96 20482880 24579456 24579456 2024 28676032 40 48 80 96 2024 80 96 32772608 2 8 6 7 6 0 3 2 2 8 6 7 6 0 3 2 80 96 2024 80 96 32772608 2 4 5 7 9 4 5 6 6072 4048 14168 14168 4048 12144 32772608 24579456 2024 28676032 40 48 80 96 2024 80 96 32772608 2 8 6 7 6 0 3 2 2 8 6 7 6 0 3 2 80 96 2024 80 96 32772608 2 4 5 7 9 4 5 6 6072 4048 14168 14168 4048 12144 32772608 8 0 9 6 20 24 8 0 9 6 3277 2608 40 48 2024 40 48 80 96 8 0 9 6 20 24 8 0 9 6 3277 2608 3277 2608 20 24 3686 9184 2457 9456 24579456 2024 28676032 40 48 2 4 5 7 9 4 5 6 3 2 7 7 2 6 16192 2 4 5 7 9 4 5 6 3 6 8 6 9 1 8 4 40 48 2024 40 48 80 96 3 2 7 7 2 6 16192 32772608 2024 36869184 24579456 80 96 2024 80 96 32772608 32772608 2024 36869184 24579456 2 0 4 8 2 8 8 0 2 8 6 7 6 0 3 2 3 6 8 6 9 1 8 4 32772608 2024 36869184 24579456 2 0 4 8 2 8 8 0 2 4 5 7 9 4 5 6 2457 9456 20 24 2867 6032 4 0 4 8 8 0 9 6 20 24 8 0 9 6 3277 2608 4048 16192 12144 14168 12144 1 6072 4048 4048 16192 12144 14168 12144 1 6072 4048 8 0 9 6 20 24 8 0 9 6 3277 2608 4048 8096 10120 14168 18216 8096 10120 12144 60 72 40 48 28676032 28676032 40 48 24579456 3277 2608 16192 1 18216 12144 2 0 2 4 16192 1 18216 12144 32 77 26 8 4 0 4 8 20 24 4 0 4 8 8 0 9 6 16192 1 18216 12144 2 0 2 4 16192 1 18216 12144 32 77 26 8 32 77 26 8 2 0 2 4 36 86 91 84 24 57 94 56 2457 9456 20 24 2867 6032 4 0 4 8 4048 8096 10120 14168 18216 8096 10120 12144 6072 4048 14168 14168 4048 12144 32772608 4048 8096 10120 14168 18216 8096 10120 12144 6072 12144 16192 12144 18216 2024 16192 8096 4 0 4 8 20 24 4 0 4 8 8 0 9 6 6072 4048 14168 14168 4048 12144 32772608 3277 2608 20 24 3686 9184 2457 9456 8 0 9 6 20 24 8 0 9 6 3277 2608 3277 2608 20 24 3686 9184 2457 9456 4048 1 8096 16192 4048 16192 16192 1 4048 16192 12144 14168 12144 1 6072 4048 6072 12144 16192 12144 18216 2024 16192 8096 3277 2608 20 24 3686 9184 2457 9456 4048 1 8096 16192 4048 16192 16192 1 4048 8096 10120 14168 18216 8096 10120 12144 32 77 26 8 2 0 2 4 36 86 91 84 24 57 94 56 4 0 4 8 20 24 4 0 4 8 8 0 9 6 32 77 26 8 2 0 2 4 36 86 91 84 24 57 94 56 60 72 40 48 28676032 28676032 40 48 24579456 3277 2608 8 0 9 6 20 24 8 0 9 6 3277 2608 40 48 2024 40 48 80 96 8 0 9 6 20 24 8 0 9 6 3277 2608 3277 2608 20 24 3686 9184 2457 9456 32 77 26 8 2 0 2 4 36 86 91 84 24 57 94 56 4 0 4 8 20 24 4 0 4 8 8 0 9 6 32 77 26 8 2 0 2 4 36 86 91 84 24 57 94 56 60 72 40 48 28676032 28676032 40 48 24579456 3277 2608 60 72 40 48 28676032 28676032 40 48 24579456 3277 2608 4 0 4 8 20 24 4 0 4 8 8 0 9 6 60 72 24579456 32772608 24579456 36869184 20 24 32772608 80 96 40 48 80 96 20482880 28676032 36869184 80 96 20482880 24579456 2457 9456 20 24 2867 6032 4 0 4 8 8 0 9 6 20 24 8 0 9 6 3277 2608 4048 16192 12144 14168 12144 1 6072 4048 4048 16192 12144 14168 12144 1 6072 4048 8 0 9 6 20 24 8 0 9 6 3277 2608 4048 8096 10120 14168 18216 8096 10120 12144 60 72 40 48 28676032 28676032 40 48 24579456 3277 2608 16192 1 18216 12144 2 0 2 4 16192 1 18216 12144 32 77 26 8 4 0 4 8 20 24 4 0 4 8 8 0 9 6 16192 1 18216 12144 2 0 2 4 16192 1 18216 12144 32 77 26 8 32 77 26 8 2 0 2 4 36 86 91 84 24 57 94 56 2457 9456 20 24 2867 6032 4 0 4 8 4048 8096 10120 14168 18216 8096 10120 12144 6072 4048 14168 14168 4048 12144 32772608 4048 8096 10120 14168 18216 8096 10120 12144 6072 12144 16192 12144 18216 2024 16192 8096 4 0 4 8 20 24 4 0 4 8 8 0 9 6 6072 4048 14168 14168 4048 12144 32772608 3277 2608 20 24 3686 9184 2457 9456 8 0 9 6 20 24 8 0 9 6 3277 2608 3277 2608 20 24 3686 9184 2457 9456 4048 1 8096 16192 4048 16192 16192 1 4048 16192 12144 14168 12144 1 6072 4048 6072 12144 16192 12144 18216 2024 16192 8096 3277 2608 20 24 3686 9184 2457 9456 4048 1 8096 16192 4048 16192 16192 1 4048 8096 10120 14168 18216 8096 10120 12144 4048 8096 10120 14168 18216 8096 10120 12144 40 48 2024 40 48 80 96 4048 16192 12144 14168 12144 1 6072 4048 8 0 9 6 20 24 8 0 9 6 3277 2608 3277 2608 20 24 3686 9184 2457 9456 40 48 2024 40 48 80 96 3277 2608 20 24 3686 9184 2457 9456 6072 4048 14168 14168 4048 12144 32772608 8096 1 8096 16192 32 77 26 8 24 57 94 56 28 67 60 32 24 57 94 56 2 0 2 4 12144 1 14168 4048 8096 1 8096 16192 8096 1 8096 16192 32 77 26 8 24 57 94 56 28 67 60 32 24 57 94 56 2 0 2 4 12144 1 14168 4048 8096 1 8096 16192 3277 2608 20 24 3686 9184 2457 9456 40 48 2024 40 48 80 96 3277 2608 20 24 3686 9184 2457 9456 6072 4048 14168 14168 4048 12144 32772608 8096 1 8096 16192 16192 1 18216 12144 20 48 28 80 28 67 60 32 36 86 91 84 16192 1 18216 12144 20 48 28 80 24 57 94 56 24579456 2024 28676032 40 48 80 96 2024 80 96 32772608 2 8 6 7 6 0 3 2 2 8 6 7 6 0 3 2 80 96 2024 80 96 32772608 2 4 5 7 9 4 5 6 6072 4048 14168 14168 4048 12144 32772608 4048 8096 10120 14168 18216 8096 10120 12144 40 48 2024 40 48 80 96 4048 16192 12144 14168 12144 1 6072 4048 8 0 9 6 20 24 8 0 9 6 3277 2608 3277 2608 20 24 3686 9184 2457 9456 40 48 2024 40 48 80 96 3277 2608 20 24 3686 9184 2457 9456 6072 4048 14168 14168 4048 12144 32772608 8096 1 8096 16192 32 77 26 8 24 57 94 56 28 67 60 32 24 57 94 56 2 0 2 4 12144 1 14168 4048 8096 1 8096 16192 8096 1 8096 16192 32 77 26 8 24 57 94 56 28 67 60 32 24 57 94 56 2 0 2 4 12144 1 14168 4048 8096 1 8096 16192 3277 2608 20 24 3686 9184 2457 9456 40 48 2024 40 48 80 96 3277 2608 20 24 3686 9184 2457 9456 6072 4048 14168 14168 4048 12144 32772608 8096 1 8096 16192 16192 1 18216 12144 20 48 28 80 28 67 60 32 36 86 91 84 16192 1 18216 12144 20 48 28 80 24 57 94 56 24579456 2024 28676032 40 48 80 96 2024 80 96 32772608 2 8 6 7 6 0 3 2 2 8 6 7 6 0 3 2 80 96 2024 80 96 32772608 2 4 5 7 9 4 5 6 6072 4048 14168 14168 4048 12144 32772608 32 77 26 8 2 0 2 4 36 86 91 84 24 57 94 56 4 0 4 8 20 24 4 0 4 8 8 0 9 6 32 77 26 8 2 0 2 4 36 86 91 84 24 57 94 56 60 72 40 48 28676032 28676032 40 48 24579456 3277 2608 8 0 9 6 20 24 8 0 9 6 3277 2608 40 48 2024 40 48 80 96 8 0 9 6 20 24 8 0 9 6 3277 2608 3277 2608 20 24 3686 9184 2457 9456 32 77 26 8 2 0 2 4 36 86 91 84 24 57 94 56 4 0 4 8 20 24 4 0 4 8 8 0 9 6 32 77 26 8 2 0 2 4 36 86 91 84 24 57 94 56 60 72 40 48 28676032 28676032 40 48 24579456 3277 2608 60 72 40 48 28676032 28676032 40 48 24579456 3277 2608 4 0 4 8 20 24 4 0 4 8 8 0 9 6 60 72 24579456 32772608 24579456 36869184 20 24 32772608 80 96 40 48 80 96 20482880 28676032 36869184 80 96 20482880 24579456 4048 8096 10120 14168 18216 8096 10120 12144 40 48 2024 40 48 80 96 4048 16192 12144 14168 12144 1 6072 4048 8 0 9 6 20 24 8 0 9 6 3277 2608 8096 1 8096 16192 16192 1 18216 12144 20 48 28 80 28 67 60 32 36 86 91 84 16192 1 18216 12144 20 48 28 80 24 57 94 56 12144 1 14168 4048 8096 1 8096 16192 28 67 60 32 28 67 60 32 8096 1 8096 16192 24 57 94 56 3 2 7 7 2 6 16192 8096 1 8096 16192 16192 1 18216 12144 20 48 28 80 28 67 60 32 36 86 91 84 16192 1 18216 12144 20 48 28 80 24 57 94 56 12144 1 14168 4048 24 57 94 56 32 77 26 8 24 57 94 56 36 86 91 84 4048 1 4048 8096 32 77 26 8 16192 1 18216 12144 8 0 9 6 20 24 8 0 9 6 3277 2608 40 48 2024 40 48 80 96 8 0 9 6 20 24 8 0 9 6 3277 2608 3277 2608 20 24 3686 9184 2457 9456 12144 1 14168 4048 8096 1 8096 16192 28 67 60 32 28 67 60 32 8096 1 8096 16192 24 57 94 56 3 2 7 7 2 6 16192 6072 4048 14168 14168 4048 12144 32772608 40 48 2024 40 48 80 96 6072 12144 16192 12144 18216 2024 16192 8096 4048 8096 10120 14168 18216 8096 10120 12144 3277 2608 20 24 3686 9184 2457 9456 40 48 2024 40 48 80 96 3277 2608 20 24 3686 9184 2457 9456 6072 4048 14168 14168 4048 12144 32772608 6072 4048 14168 14168 4048 12144 32772608 40 48 2024 40 48 80 96 6072 12144 16192 12144 18216 2024 16192 8096 4048 8096 10120 14168 18216 8096 10120 12144 8096 1 8096 16192 2 0 2 4 16192 1 18216 12144 32 77 26 8 8096 1 8096 16192 32 77 26 8 32 77 26 8 2 0 2 4 8096 1 8096 16192 32 77 26 8 24 57 94 56 28 67 60 32 24 57 94 56 2 0 2 4 12144 1 14168 4048 8096 1 8096 16192 12144 1 14168 4048 24 57 94 56 32 77 26 8 24 57 94 56 36 86 91 84 4048 1 4048 8096 32 77 26 8 16192 1 18216 12144 6072 4048 14168 14168 4048 12144 32772608 40 48 2024 40 48 80 96 6072 12144 16192 12144 18216 2024 16192 8096 4048 8096 10120 14168 18216 8096 10120 12144 8096 1 8096 16192 2 0 2 4 16192 1 18216 12144 32 77 26 8 8096 1 8096 16192 32 77 26 8 32 77 26 8 2 0 2 4 8096 1 8096 16192 16192 1 18216 12144 20 48 28 80 28 67 60 32 36 86 91 84 16192 1 18216 12144 20 48 28 80 24 57 94 56
Solution 1. 3572
