11,71,68,89,88,79,21,96,47,55,14,27,15,87,23,42,62,64,54,77,94,59,36
87,89,59,36,96,71,44,19,47,55,11,25,54,64,88,14,42,27,97,24,21
79,19,89,59,53,32,13,66,24,98,25,88,44,17,97,21,77,14,51,78,36,55,34
56,49,85,33,76,22,23,15,62,94,68,27,96,87,64,11,36,21,53,88,79
42,25,44,97,24,19,98,34,32,78,13,84,37,31,18,72,56,85,33
47,21,53,88,55,89,77,14,42,25,44,97,19,66,17,98,34,32,51
13,31,56,33,23,27,96,54,64
53,88,55,59,42,25,44,97,24,19,66,17,98,34,32,78,13,67,84
44,68,71,14,64,87,53,27,97,54,94,59,77
77,47,19,34,53
71,19,21,24,11,77,88,25,98,66,89,54,42,53,64
87,71,54,64,36,21,53,59,77,14,42,25,17
37,31,76,96,32,34,49,23,27,51,94,68,18
84,67,23,49,31,51,56,98,33,15,94,76,17,22,13,66,62,32,34
22,23,15,62,27,96,87,71,54,11,47,21,53,79,55,59,89,77,14
33,51,27,94,68,85,23,67,22,13,84,76,15,31,34,49,56,72,18,78,62
79,55,89,14,44,24,98,13,31
85,49,22,56,23,62,71,72,76,68,11,15,94
22,23,15,17,34,68,76
71,87,36,53,68
87,47,36,21,79,55,77,14,42,19,66
94,87,27,33,21,89,76
42,25,44,97,24,19,66,17,98,32,78,51,13,67,37,31,18,72,56,49,85
71,36,79,55,59,89,77,42,24,17,98
19,32,67,18,72,56,49,85,22,15,62
76,85,22,31,18,23,98,15,56,78,66,67,17,51,37,49,34,33,24
27,76,85,22,54,11,96,71,72,87,94,56,36,18,47,33,68,49,53
84,37,31,18,72,56,85,33,76,22,23,15,62,94,68,27,96,87,71,54,64,11,47
67,84,31,72,56,85,76,22,15,94,96,87,71,64,11
64,79,59,71,62,68,21,55,22
49,85,33,22,23,87,71,64,11,47,21,53,55
23,15,68,27,96,87,71,64,47,36,21,88,79,55,59,77,42
19,77,51,31,42,32,34,24,13,97,98,78,67,44,55,89,84,25,66
55,77,24,19,66,34,67,84,37
66,25,89,77,42,13,21,17,32,59,67,53,79,55,24,34,19,97,14
62,68,21,76,54,64,47,87,88,53,96,56,15,72,22,27,11
97,24,19,17,34,32,78,51,13,67,84,31,18,72,56,49,85,33,76,22,23
85,72,87,22,76,33,49,32,51
15,94,27,96,87,54,11,36,21,53,55,59,77,14,42
68,27,96,87,71,54,64,11,47,36,21,53,79,55,59,89,77,14,42,25,44,97,24
32,78,51,13,67,37,18,72,56,76,22,62,27
72,56,49,85,22,62,27,54,11,47,88
88,14,19,87,11,54,25,97,89,21,24,36,59,55,77,71,27,47,96,44,79,53,64
87,76,13,22,15,78,37,51,67,23,18,84,56,72,31,85,33,27,96,62,32,94,68
44,97,24,66,17,98,34,78,13,67,84,37,31,18,72,56,49,85,33,76,22
53,55,59,89,77,25,44,97,24,19,17,98,34,32,78,51,13,67,84
89,25,66,98,78,37,56
44,25,79,98,55,11,24,17,42,71,14,36,54
77,14,54,87,89
19,66,17,98,34,32,78,51,13,67,84,37,31,18,56,33,76,22,23,15,62
33,31,84,18,72,62,13,68,37,27,85,94,87,76,96,67,54,71,51
49,96,78,51,33,62,84,27,32,13,15,56,87,67,37,31,85,22,18,72,94,76,23
22,11,36,88,89,77,14
18,19,84,24,25,44,32,98,85,76,17
84,22,67,18,34,49,76,56,98,37,72
44,97,66,98,32,18,56,85,22
33,76,22,23,15,62,94,68,27,96,87,54,64,11,47,36,21,53,88,79,55,59,89
31,13,98,33,72,84,42,32,51,97,19
32,15,23,66,24,78,76,17,85,34,18
51,84,19,23,78,98,67,72,85,66,24,17,31,97,18,13,56,32,76,37,33
98,78,24,51,77,36,19,47,14,97,66,17,42,34,21,59,44,53,88,25,89
23,67,84,15,13,78,71,37,22
19,66,98,67,31,49,85,23,15
55,66,19,97,34,21,89,17,54
98,13,67,84,37,31,18,76,22,62,68
27,96,54,53,79,55,25
31,18,56,49,33,76,22,23,62,94,68,27,71,64,21
25,79,64,42,53,68,87,15,54,96,94,88,27
17,25,49,72,32,42,18,78,13,19,34,85,33
68,37,23,33,71,85,76,94,62,31,56
53,88,89,42,25,24,19,66,17,78,51,67,84
51,67,84,37,31,18,72,56,49,85,76,23,15,62,94,68,27,96,87,71,54
13,84,31,18,56,49,33,76,22,62,94,68,27,96,71,54,64
37,84,68,94,23,96,15
96,32,84,62,13,27,68,85,37,34,56,31,18,22,49
36,56,68,87,37,85,47,64,49
77,19,17,89,56,42,34
18,76,34,85,97,17,66,98,37,31,51,24,67,32,33,25,78,56,49
42,25,97,24,17,34,78,51,84,18,72,56,85
32,49,66,67,17,72,13,44,22,51,31,78,34,33,76,18,19
55,14,42,44,34,67,84,31,18
96,87,71,64,11,47,21,53,88,79,55,59,89,77,14,42,25,44,97,24,66
55,96,47,44,42,25,66
71,97,17,47,36,14,89,42,44,24,77,66,64,54,11,98,55,19,25
62,36,53,55,14
78,98,19,72,66,31,51,25,49,44,76,32,84,24,18,37,67,97,33
25,97,24,17,98,32,56
97,66,32,49,85,22,23
55,89,77,14,42,25,44,97,17,32,78,51,84,31,18
31,56,85,27,96,87,21
33,76,15,62,87,71,47,36,88,59,89
85,62,37,51,18,31,94,22,32,72,76,34,98,66,33,84,67,17,56,49,78
76,56,49,34,31,67,66,23,62,98,17,18,94,51,78,85,15,33,13
14,42,44,97,24,19,66,98,34,32,37,72,85
15,62,68,27,96,87,71,54,11,21,79,55,59,89,77,14,25
32,78,51,13,84,37,31,18,72,33,76,22,23,15,62,94,68,96,87
11,23,88,59,68,15,47,27,55,22,94,71,33,85,54
84,27,56,11,76,47,37,72,31,64,33
14,42,44,24,98,34,32,78,13,84,31,18,72,56,85
71,23,55,11,79,54,96,33,68,53,36,59,89
18,49,19,84,51,37,32,44,72,56,24,14,77
85,76,22,23,15,62,94,68,27,96,87,54,11,47,36,21,53,88,79,55,59
22,94,27,96,64,11,36,88,79,55,77
66,34,17,53,44,78,11,42,98,79,77,14,59,19,89,25,97
77,14,42,44,97,24,19,66,17,98,34,32,78,51,13,84,31,18,72,56,49
47,36,88,14,44,66,34
89,77,14,42,25,44,97,24,19,66,17,98,34,32,78,51,13,67,84,37,18,72,56
54,53,36,85,11,68,18,76,72,22,21,64,49,27,96
77,59,88,24,47,55,89,66,36,44,25,79,19
23,15,87,71,53,77,42
89,77,14,42,25,44,97,24,19,66,17,78,51,67,84,37,31,72,56
56,94,11,53,64,87,33,96,22,71,47,23,27,79,54
17,32,84,37,18,22,68
49,62,96,36,79
71,94,87,18,64,49,13
17,98,34,32,78,51,13,67,84,37,31,18,56,49,76,23,62
87,68,14,27,89,21,54,79,44,77,88,25,42,36,59,71,62,64,53
64,11,47,36,21,53,88,79,55,59,89,77,14,42,44,97,24,19,66,17,98,34,32
55,14,25,97,24,66,17,51,13,67,18
62,22,33,23,37,72,54,67,18,64,56,15,13,68,84,27,94
67,84,18,33,76,22,23,62,27,96,11
78,51,13,18,72,56,49,85,33,76,23,15,62,94,68,96,71
54,36,59,14,17,98,34
71,64,21,88,79,89,25,97,24,19,98
33,62,87,23,76,51,71,68,22,96,85,31,67,84,54,49,94,27,37,13,72,15,18
31,18,56,23,15,62,94,54,64,47,21
25,78,13,24,88,42,32,44,14,98,89,34,77
51,78,67,55,89,79,77,97,17,88,34,84,98,53,42,14,13,19,44
96,71,54,64,11,47,36,21,53,88,59,89,77,14,42,25,44,97,66
33,84,22,85,23,19,66,34,56,31,72
78,62,84,34,96,37,76,31,51,85,18,94,13,23,67,49,15,27,68
11,22,27,53,68,72,33,23,96,21,94,36,87,85,56,64,49,54,18,76,47,71,62
66,98,24,97,44,42,11,89,64,17,19,21,79,77,34,14,59,47,53,36,88,32,25
94,68,96,87,71,54,64,11,47,36,21,53,88,79,55,59,89,77,14,42,25,44,97
36,15,87,53,54,21,62,33,89,47,68,94,96,64,71
54,97,59,94,88,53,25
23,49,62,15,68,18,76,33,53
79,59,77,14,66,34,31
14,98,84,31,13,55,25,18,77,24,59
64,36,49,76,88,21,94,87,53,72,15,68,47,56,27
97,14,24,79,44,42,89,66,19,47,17,53,55,21,51,98,25,32,78,59,88,34,77
13,96,62,68,78,72,18,27,87,49,51,67,22,56,37,15,84,31,94,71,76,33,23
13,31,18,72,56,49,22,23,15,62,94,68,96,54,64
37,33,64,85,18,62,36
22,85,96,31,21,72,56,62,76,33,87,23,54,64,15
78,24,44,19,34,14,84,53,32
55,59,25,24,32,84,18
64,47,36,21,88,79,55,59,89,77,25,44,97,98,34
98,78,51,13,67,84,37,31,18,72,56,33,76,23,62,94,68
88,79,55,59,89,14,25,97,24,66,98,32,78,13,67,84,37
11,47,36,21,88,55,59,89,77,14,42,25,44,97,17,98,34,32,78
27,56,72,21,68,76,87,85,71,49,23,94,88,54,64
66,32,17,67,42,25,79,44,51,53,19,89,14,13,55,78,77,21,34,98,59,24,88
22,87,11,27,64,96,68,62,89,15,54
98,13,37,25,14,56,85,34,72,97,19,44,49,17,42
77,42,36,47,55,32,97,51,88
44,84,37,97,66,17,77,32,72,78,51,13,18,25,67,14,59
53,97,36,59,13
79,71,11,94,54,56,21
87,71,54,64,11,47,36,21,53,79,55,59,89,77,14,42,25,44,97,24,19,66,17
34,32,78,67,72,49,76,22,96
37,13,51,24,84,72,66,42,77,32,14,25,31,17,67,97,56,98,34,44,89,78,19
77,42,51,72,97,49,19,56,67
98,34,32,78,51,13,67,84,37,31,18,72,56,49,85,33,76,23,15,62,94,68,27
84,31,85,76,23,15,62,94,96,71,47
22,68,53,11,77,59,76,79,89,88,27,62,87,47,71,54,36
19,78,25,79,84,59,24
51,13,67,31,72,56,49,15,27,96,87,71,54
66,98,34,32,67,37,31,18,49,85,23,15,94
53,89,11,54,34,25,47
42,44,97,24,19,34,32,13,67,37,31,18,72,56,49
68,15,27,71,62
96,97,36,24,64,54,66
19,66,17,67,31,18,56,22,23,15,62
47,22,11,76,85,68,62,49,18,21,96,33,27,23,64,15,94,56,87
62,94,27,87,71,54,64,47,36,21,53,88,55,89,77,14,44
32,51,13,67,84,37,18,56,85,33,22,23,62,94,87
89,14,25,44,24,17,78,13,84,37,31,18,72
59,89,77,14,42,32,78,51,13,67,37,31,72
68,49,15,96,54,27,88,79,87,22,94,64,76,23,55
13,37,31,49,33,22,15,62,94,68,27,96,71,54,64
14,51,67,88,55,98,37,13,25
88,79,59,89,14,42,25,44,97,24,19,98,34,32,78,13,67
88,55,89,71,76,62,21,22,47,15,87,59,77,53,79,23,94
55,37,77,19,34,13,51,67,44,32,98,24,78,17,14
96,15,94,84,11,87,72
31,11,47,22,54,23,94,56,87,18,71,27,15
66,17,51,84,37,31,49,33,76,22,94
42,66,34,32,13,37,18,85,33
55,11,36,87,77,47,68,42,62,44,79,96,59,21,25
44,59,24,87,64,53,42,11,68,27,47,79,14,71,25
25,44,24,19,66,17,34,32,78,13,84,37,31,18,72,49,85,33,76
31,18,72,56,85,33,76,23,62,27,54,36,21
25,24,66,17,51,31,49,85,76
98,78,51,13,67,84,37,31,18,72,56,49,33,15,68
78,13,19,84,22,98,23
78,25,37,17,24,97,34,88,66,13,77,51,32,98,89,14,84,59,19,55,67
18,51,84,13,24,59,98,17,97,32,34,44,89,77,19,42,72,25,78
15,62,94,68,27,96,87,71,54,64,11,47,36,21,53,88,55,59,89,77,14,42,25
15,21,55,59,89,14,25
84,56,33,76,23,68,96,64,47
71,66,89,36,87,54,21,55,14,42,19,17,25,88,97,44,47